.Random.seed <-
c(10403L, 10L, -722334657L, -1785916139L, 2133605932L, -677199102L, 
454115293L, 2061384407L, 279967166L, -1611395080L, -641332261L, 
-509057479L, -306409592L, 765972278L, 1365642609L, 1518413731L, 
1140551410L, -289032636L, 1462581511L, 415228125L, -1459132972L, 
-1482835718L, -1511661499L, 255641759L, 566661670L, 288122544L, 
1033882451L, -1533680015L, 1632848800L, -1532945602L, 1200169545L, 
589551355L, 768141002L, -58828756L, -235290577L, -709377819L, 
842852764L, -1240345614L, 328420973L, -628917337L, -2110749234L, 
-1622887640L, 2131990827L, -2071878839L, -2096756648L, 661531910L, 
-257873695L, 1802698867L, -767828766L, -974255020L, 918237527L, 
394301773L, 1388291300L, -176604982L, -1653549771L, -798426225L, 
-2047704938L, -1106665408L, -1987163901L, -131472095L, 1692640784L, 
1129928174L, -722843239L, 1202931243L, 802475802L, 1132107228L, 
656194527L, 934087605L, -200379060L, -1162951774L, 1120545533L, 
-1311517705L, -1194660578L, -728002600L, -355532485L, -1372334375L, 
-1749988760L, -1228104810L, 1750368017L, 188868803L, -884229934L, 
-1031455388L, -392691545L, -355641859L, -78968844L, 1284346074L, 
2026775077L, 2111061823L, -1034826554L, 1390018896L, 835539315L, 
1532550033L, 1894141376L, -1997338722L, 1074092393L, 694270363L, 
554372266L, 1472928460L, -1499421809L, -1896572987L, -1856742532L, 
230548434L, -1008503987L, 1242788359L, 998248942L, -418632504L, 
-732470325L, -6674903L, -52253576L, 1757178278L, 1212681153L, 
-711980973L, -628138238L, 1983662644L, -859824201L, 793649069L, 
-133628732L, -1110052630L, 1962338133L, 1553283311L, -1497518346L, 
1441110560L, 1132990435L, 1776051329L, -106499344L, 1297930638L, 
-2053736711L, 256443531L, -637571910L, 1103931324L, 2044318975L, 
-750831531L, -1191916692L, -119888958L, -1692720099L, -1403595625L, 
-978984450L, 1456808376L, 1657335195L, -1311394823L, 584940360L, 
242472566L, 1505284017L, 1350824419L, -1948584270L, 632326916L, 
-816089017L, -904302819L, 746435988L, 282007866L, 1669940613L, 
245141087L, 2098239718L, -1010230416L, 31702163L, -1635768015L, 
-830345248L, -155855746L, 523753225L, -868280005L, -1300136694L, 
-1484327700L, -827694737L, -163846491L, -1335773092L, 436867122L, 
-1534769363L, 1750533607L, 576649486L, -54927640L, -1774063381L, 
2032759177L, 1879978264L, -1416412090L, 18959521L, -1061072077L, 
513637026L, 1751536020L, 1258397719L, -1782745075L, 861662500L, 
390224138L, -2122960779L, -862889009L, 1615121622L, -134316928L, 
1313579715L, -276820895L, -1043632944L, -771817938L, 1726513113L, 
-1105240085L, -703498662L, -172978148L, -54973153L, 794938741L, 
-1926054900L, 696655330L, -1056547139L, 1723349303L, 1158684126L, 
-1628900584L, -1815463301L, -1478952935L, 1886613672L, 1666626134L, 
-664338735L, -316174717L, 1454736658L, -398266204L, -1678839705L, 
198328765L, 1647168308L, -1530478438L, 217827045L, 1315926143L, 
2128341510L, 1996477840L, 1612589107L, -258078767L, -48788096L, 
-971014050L, -1021235287L, -989776293L, 281512554L, 1346221836L, 
-457670321L, 1982355973L, 2071111868L, 991416328L, -501378630L, 
-66933296L, -1797999636L, -124056684L, 84437970L, -1738119328L, 
-141049524L, 953225504L, -1769209982L, 616539880L, 1686083820L, 
-1092561348L, 227816306L, -130902416L, -1022065628L, -1940799688L, 
1275476122L, 1360731856L, -1337893700L, 1261243028L, 1284870786L, 
-1702657856L, 1519203644L, -261261168L, -1511221726L, -249703928L, 
-1033839348L, -1192242532L, 2092402194L, -704001664L, -2074428908L, 
533499432L, -1260826310L, -1612284976L, -326402452L, -589827276L, 
-543272302L, 1738442080L, -408535732L, -1156566048L, -389361758L, 
601333672L, 645883788L, 1870801596L, 1893864306L, 253176048L, 
-1464269756L, -1382431400L, 1906876474L, -2120305808L, -581143492L, 
1405451028L, -328481342L, 737541344L, -809672836L, 1856280272L, 
-932517214L, -1595210712L, 263532812L, 1923922876L, 1774165298L, 
-732379200L, 1524610612L, -1309899832L, 107822266L, 1036001168L, 
-1728282132L, -1337355180L, -1923167598L, 1634609952L, -677533236L, 
304624608L, -1235611966L, 1248826920L, -1726738772L, -731791684L, 
1764278770L, 1547530544L, -1037465436L, 1960377016L, -608340134L, 
1232506256L, 81436028L, -2033465068L, 848823618L, 1121538816L, 
268010428L, -826002608L, 24223010L, -71743160L, -800564212L, 
-196258724L, 755418322L, -41503744L, 1654662996L, 154212840L, 
-970595334L, 1857856208L, 1131728172L, 1737508084L, 1126257554L, 
-1461267360L, -860440308L, 513225440L, -1831797406L, 1219851944L, 
1063673420L, -1220603012L, -306618574L, 711723632L, 1141010756L, 
897771480L, 1184085114L, 1427360304L, -900999492L, -1710012588L, 
1057322562L, 579852192L, 2017281212L, -1038839344L, 1243902306L, 
470241256L, 2072409036L, 782202620L, 494482418L, 974212224L, 
825198836L, -28647288L, -1076793030L, 1007029072L, -1829646228L, 
1867181204L, -1202809518L, 136706784L, 457112780L, -2041355104L, 
-1284520574L, -1509567256L, 514974956L, -98686916L, 1071541362L, 
1583008880L, 667357732L, 1946154552L, -492461542L, -1210741552L, 
468291132L, -2145793900L, 709358722L, -2017217600L, -1173878468L, 
-2025943408L, -2030349278L, 182009864L, -549223284L, -1418560484L, 
-2134110062L, 340565120L, -2130834412L, 785983272L, -1134997446L, 
597186768L, 246349932L, 1206720180L, 1679588370L, -1665051680L, 
-969137204L, 1728301536L, 799922210L, -2021520088L, -1548762868L, 
-1465089476L, -531584782L, -1109021456L, 262315844L, -136102824L, 
-1192952262L, -924116752L, 962463420L, 1697931796L, -1985420094L, 
-441263520L, -1154064004L, -729621296L, -939560926L, 2070623400L, 
-1689996916L, -1556205124L, -1910199246L, 270831424L, -1624765772L, 
1393032520L, 1545303738L, 614132496L, 769923308L, 1505963092L, 
1081078546L, -970101344L, -425982004L, 271080288L, -1414689598L, 
-1935445464L, 1654889900L, 1974424380L, -948568206L, -905818320L, 
-422368220L, 1835422264L, 388863706L, -183254128L, -2056437508L, 
-105674348L, 853044034L, -1578323456L, 505795644L, -1287419312L, 
-632417118L, 1225807688L, -2117261812L, 1180354268L, -124272558L, 
-73056128L, 1368630100L, 1047983080L, 1453982458L, -1650512048L, 
1050247606L, 1170815555L, -1563713659L, 1557961762L, -1136668912L, 
-2039428423L, -163659925L, 1454898780L, 1867064202L, 1570667391L, 
362063561L, -202969250L, -1482025972L, -629836835L, -87468313L, 
921425680L, -1330756050L, -2068308773L, 1480888765L, 41062186L, 
248494024L, -1575588623L, -2034580893L, -2024135068L, -712626798L, 
1495403111L, -1920089551L, 2063634294L, -758467436L, -1449776475L, 
-1177794641L, 180892776L, 1704556614L, 655756787L, -1429354155L, 
1259371314L, -1898537216L, 1866509289L, 207902299L, 964602028L, 
-2084454726L, 9944175L, 2087729657L, -59466610L, 265901404L, 
-414620211L, 529426743L, 1701213120L, -2133062498L, -1119374997L, 
-291395347L, 1641664858L, 1108027928L, 939784065L, 1953690931L, 
851475284L, 286575970L, 32583159L, -1705490879L, -1997995322L, 
633746436L, -1980873803L, -1312252769L, -951256840L, -351768362L, 
-1012352669L, 1288394021L, 1652503234L, -113279056L, 1582236633L, 
977882443L, 1807641532L, 962950122L, 1987343391L, 1815868073L, 
1596765758L, -430855380L, -2029394563L, 18426823L, 1385388720L, 
1097861326L, 2108023291L, 823603805L, -2130498166L, -163351128L, 
-532669679L, 1063008771L, -438563580L, -888567502L, -1964107897L, 
-1338653231L, 1711912790L, -2036021964L, -2032284603L, -777489265L, 
-93396472L, 1012293158L, 353019603L, 1909413941L, -721487982L, 
1851852640L, -1608760631L, -1622391301L, 455635404L, 337672282L, 
1704199503L, 856181785L, -883092946L, -469004228L, 2051454381L, 
260376151L, -1603700832L, 1524077822L, -285792309L, 1640018381L, 
1440761082L, -1578285256L, -1764092703L, 1200600979L, -413701196L, 
-50601790L, -324946729L, 1419813153L, -2031245082L, 848371172L, 
-1704822507L, 704508223L, -1613587240L, -800975626L, 1624108803L, 
796379205L, 401549410L, 1192665040L, 1449190649L, 729132587L, 
-228886116L, -823604790L, 1508199103L, -93586423L, -1030587106L, 
-2016747316L, -1134574435L, 1349097767L, -251108528L, 2055781870L, 
